                   0
                   5
                  10
                  15
                  20
                  25
                  30
                  35
                  40
                  45
                  50
                  55
                  60
                  66
                  72
                  78
                  84
                  90
                  96
                 102
                 108
                 114
                 120
                 126
                 132
                 138
                 144
                 150
                 156
                 162
                 168
                 174
                 180
                 186
                 192
                 198
                 204
                 210
                 216
                 222
                 228
                 234
                 240
                 246
                 252
                 258
                 264
                 270
                 276
                 282
                 288
                 294
                 300
                 306
                 312
                 318
                 324
                 330
                 336
                 342
                 348
                 354
                 360
                 366
                 372
                 378
                 384
                 390
                 396
                 402
                 408
                 414
                 420
                 426
                 432
                 438
                 444
                 450
                 456
                 462
                 468
                 474
                 480
                 486
                 492
                 498
                 504
                 510
                 516
                 522
                 528
                 534
                 540
                 546
                 552
                 558
                 564
                 570
                 576
                 582
                 588
                 594
                 600
                 606
                 612
                 618
                 624
                 630
                 636
                 642
                 648
                 654
                 660
                 666
                 672
                 678
                 684
                 690
                 696
                 702
                 708
                 714
                 720
                 726
                 732
                 738
                 744
                 750
                 756
                 762
                 768
                 774
                 780
                 786
                 792
                 798
                 804
                 810
                 816
                 822
                 828
                 834
                 840
                 846
                 852
                 858
                 864
                 870
                 876
                 882
                 888
                 894
                 900
                 906
                 912
                 918
                 924
                 930
                 936
                 942
                 948
                 954
