    0.6733679265E-01
    0.6733679265E-01
    0.6733679265E-01
    0.6733679265E-01
    0.6733679265E-01
    0.6733679265E-01
    0.6733679265E-01
    0.6733679265E-01
    0.6733679265E-01
    0.6733679265E-01
    0.6733679265E-01
    0.6733679265E-01
    0.7879554004E-01
    0.7879554004E-01
    0.7879554004E-01
    0.7879554004E-01
    0.7879554004E-01
    0.7879554004E-01
    0.7879554004E-01
    0.7879554004E-01
    0.7879554004E-01
    0.7879554004E-01
    0.7879554004E-01
    0.7879554004E-01
    0.7879554004E-01
    0.7879554004E-01
    0.7879554004E-01
    0.7879554004E-01
    0.7879554004E-01
    0.7879554004E-01
    0.7879554004E-01
    0.7879554004E-01
    0.7879554004E-01
    0.7879554004E-01
    0.7879554004E-01
    0.7879554004E-01
    0.7879554004E-01
    0.7879554004E-01
    0.7879554004E-01
    0.7879554004E-01
    0.7879554004E-01
    0.7879554004E-01
    0.7631251040E-01
    0.7631251040E-01
    0.7631251040E-01
    0.7631251040E-01
    0.7631251040E-01
    0.7631251040E-01
    0.7631251040E-01
    0.7631251040E-01
    0.7631251040E-01
    0.7631251040E-01
    0.7631251040E-01
    0.7631251040E-01
    0.7631251040E-01
    0.7631251040E-01
    0.7631251040E-01
    0.7631251040E-01
    0.7631251040E-01
    0.7631251040E-01
    0.7631251040E-01
    0.7631251040E-01
    0.7631251040E-01
    0.7631251040E-01
    0.7631251040E-01
    0.7631251040E-01
    0.7631251040E-01
    0.7631251040E-01
    0.7631251040E-01
    0.7631251040E-01
    0.7631251040E-01
    0.7631251040E-01
    0.7631251040E-01
    0.7631251040E-01
    0.7631251040E-01
    0.7631251040E-01
    0.7631251040E-01
    0.7631251040E-01
    0.7631251040E-01
    0.7631251040E-01
    0.7631251040E-01
    0.7631251040E-01
    0.7631251040E-01
    0.7631251040E-01
    0.7631251040E-01
    0.7631251040E-01
    0.7631251040E-01
    0.7631251040E-01
    0.7631251040E-01
    0.7631251040E-01
    0.7631251040E-01
    0.7631251040E-01
    0.7631251040E-01
    0.7631251040E-01
    0.7631251040E-01
    0.7631251040E-01
    0.7631251040E-01
    0.7631251040E-01
    0.7631251040E-01
    0.7631251040E-01
    0.7631251040E-01
    0.7631251040E-01
    0.8026187129E-01
    0.8026187129E-01
    0.8026187129E-01
    0.8026187129E-01
    0.8026187129E-01
    0.8026187129E-01
    0.8026187129E-01
    0.8026187129E-01
    0.8026187129E-01
    0.8026187129E-01
    0.8026187129E-01
    0.8026187129E-01
    0.8026187129E-01
    0.8026187129E-01
    0.8026187129E-01
    0.8026187129E-01
    0.8026187129E-01
    0.8026187129E-01
    0.8026187129E-01
    0.8026187129E-01
    0.8026187129E-01
    0.8026187129E-01
    0.8026187129E-01
    0.8026187129E-01
    0.8026187129E-01
    0.8026187129E-01
    0.8026187129E-01
    0.8026187129E-01
    0.8026187129E-01
    0.8026187129E-01
    0.8026187129E-01
    0.8026187129E-01
    0.8026187129E-01
    0.8026187129E-01
    0.8026187129E-01
    0.8026187129E-01
    0.8026187129E-01
    0.8026187129E-01
    0.8026187129E-01
    0.8026187129E-01
    0.8026187129E-01
    0.8026187129E-01
    0.8026187129E-01
    0.8026187129E-01
    0.8026187129E-01
    0.8026187129E-01
    0.8026187129E-01
    0.8026187129E-01
    0.8026187129E-01
    0.8026187129E-01
    0.8026187129E-01
    0.8026187129E-01
    0.8026187129E-01
    0.8026187129E-01
    0.8026187129E-01
    0.8026187129E-01
    0.8026187129E-01
    0.8026187129E-01
    0.8026187129E-01
    0.8026187129E-01
